<?xml version="1.0" encoding="utf-8"?>
<COLLADA xmlns="http://www.collada.org/2005/11/COLLADASchema" version="1.4.1">
  <asset>
    <contributor>
      <author>Mixamo</author>
      <authoring_tool>COLLADA Mixamo exporter</authoring_tool>
      <comments/>
    </contributor>
    <created>2022-12-15T12:20:11Z</created>
    <modified>2022-12-15T12:20:11Z</modified>
    <revision/>
    <title/>
    <unit meter="0.010000"/>
    <up_axis>Y_UP</up_axis>
  </asset>
  <library_animations>
    <animation id="mixamorig_Hips-anim" name="mixamorig_Hips">
      <source id="mixamorig_Hips-Matrix-animation-input">
        <float_array id="mixamorig_Hips-Matrix-animation-input-array" count="17">

0.000000 0.033333 0.066667 0.100000 0.133333 0.166667 0.200000 0.233333 0.266667 0.300000 0.333333 0.366667 0.400000 0.433333 0.466667 0.500000
0.533333</float_array>
        <technique_common>
          <accessor source="#mixamorig_Hips-Matrix-animation-input-array" count="17">
            <param name="TIME" type="float"/>
          </accessor>
        </technique_common>
      </source>
      <source id="mixamorig_Hips-Matrix-animation-output-transform">
        <float_array id="mixamorig_Hips-Matrix-animation-output-transform-array" count="272">

0.971811 -0.029307 -0.233931 -0.374649 -0.046767 0.948561 -0.313121 91.662140 0.231074 0.315235 0.920452 1.212864 0.000000 0.000000 0.000000 1.000000
0.973131 -0.130559 -0.189660 0.135492 0.064181 0.944860 -0.321123 90.862358 0.221128 0.300322 0.927852 17.838360 0.000000 0.000000 0.000000 1.000000
0.964534 -0.255184 -0.067493 -0.011414 0.221105 0.920745 -0.321467 89.921700 0.144177 0.295143 0.944512 33.875870 0.000000 0.000000 0.000000 1.000000
0.976800 -0.213424 0.017678 -0.689717 0.206971 0.919611 -0.333885 91.326134 0.055003 0.329798 0.942448 51.433792 0.000000 0.000000 0.000000 1.000000
0.994271 -0.090263 0.057247 -1.555611 0.103793 0.943257 -0.315424 93.461998 -0.025528 0.319559 0.947222 71.182365 0.000000 0.000000 0.000000 1.000000
0.996060 -0.039808 0.079249 -1.746882 0.061047 0.955957 -0.287089 93.816284 -0.064330 0.290795 0.954620 89.819290 0.000000 0.000000 0.000000 1.000000
0.994072 -0.050316 0.096383 -1.219481 0.076421 0.953908 -0.290205 93.085686 -0.077339 0.295850 0.952098 106.973480 0.000000 0.000000 0.000000 1.000000
0.986988 -0.050804 0.152560 -0.836399 0.095976 0.947362 -0.305439 91.962288 -0.129012 0.316107 0.939911 122.601791 0.000000 0.000000 0.000000 1.000000
0.986811 0.013759 0.161289 -0.714867 0.034805 0.955043 -0.294416 91.877182 -0.158089 0.296147 0.941969 139.296494 0.000000 0.000000 0.000000 1.000000
0.985181 0.160620 0.060170 -0.664955 -0.137783 0.950034 -0.280092 92.384216 -0.102152 0.267651 0.958086 157.352432 0.000000 0.000000 0.000000 1.000000
0.964321 0.261237 -0.042897 -0.541808 -0.261884 0.917604 -0.299033 91.976723 -0.038756 0.299598 0.953278 174.612045 0.000000 0.000000 0.000000 1.000000
0.980312 0.176801 -0.087924 0.200177 -0.196025 0.924921 -0.325723 93.818138 0.023734 0.336545 0.941368 193.929840 0.000000 0.000000 0.000000 1.000000
0.992960 0.071197 -0.094667 1.306764 -0.097015 0.947370 -0.305088 94.347580 0.067963 0.312125 0.947607 213.852798 0.000000 0.000000 0.000000 1.000000
0.994277 0.013365 -0.105996 1.775841 -0.042262 0.960422 -0.275326 94.210739 0.098121 0.278229 0.955490 233.717682 0.000000 0.000000 0.000000 1.000000
0.991966 0.018299 -0.125171 1.046468 -0.053297 0.957829 -0.282351 92.649231 0.114726 0.286754 0.951110 252.264175 0.000000 0.000000 0.000000 1.000000
0.979905 0.025980 -0.197764 0.023310 -0.086881 0.948077 -0.305943 91.474564 0.179547 0.316977 0.931283 269.872833 0.000000 0.000000 0.000000 1.000000
0.971811 -0.029308 -0.233931 -0.374652 -0.046767 0.948561 -0.313122 91.662155 0.231075 0.315235 0.920452 287.814819 0.000000 0.000000 0.000000 1.000000</float_array>
        <technique_common>
          <accessor source="#mixamorig_Hips-Matrix-animation-output-transform-array" count="17" stride="16">
            <param type="float4x4"/>
          </accessor>
        </technique_common>
      </source>
      <source id="mixamorig_Hips-Interpolations">
        <Name_array id="mixamorig_Hips-Interpolations-array" count="17">
 LINEAR LINEAR LINEAR LINEAR LINEAR LINEAR LINEAR LINEAR LINEAR LINEAR LINEAR
LINEAR LINEAR LINEAR LINEAR LINEAR LINEAR</Name_array>
        <technique_common>
          <accessor source="#mixamorig_Hips-Interpolations-array" count="17">
            <param type="name"/>
          </accessor>
        </technique_common>
      </source>
      <sampler id="mixamorig_Hips-Matrix-animation-transform">
        <input semantic="INPUT" source="#mixamorig_Hips-Matrix-animation-input"/>
        <input semantic="OUTPUT" source="#mixamorig_Hips-Matrix-animation-output-transform"/>
        <input semantic="INTERPOLATION" source="#mixamorig_Hips-Interpolations"/>
      </sampler>
      <channel source="#mixamorig_Hips-Matrix-animation-transform" target="mixamorig_Hips/matrix"/>
    </animation>
    <animation id="mixamorig_Spine-anim" name="mixamorig_Spine">
      <source id="mixamorig_Spine-Matrix-animation-input">
        <float_array id="mixamorig_Spine-Matrix-animation-input-array" count="17">

0.000000 0.033333 0.066667 0.100000 0.133333 0.166667 0.200000 0.233333 0.266667 0.300000 0.333333 0.366667 0.400000 0.433333 0.466667 0.500000
0.533333</float_array>
        <technique_common>
          <accessor source="#mixamorig_Spine-Matrix-animation-input-array" count="17">
            <param name="TIME" type="float"/>
          </accessor>
        </technique_common>
      </source>
      <source id="mixamorig_Spine-Matrix-animation-output-transform">
        <float_array id="mixamorig_Spine-Matrix-animation-output-transform-array" count="272">

0.993634 0.003453 0.112600 0.000000 0.000171 0.999483 -0.032157 6.806400 -0.112652 0.031972 0.993120 -0.513800 0.000000 0.000000 0.000000 1.000000
0.979680 0.095798 0.176210 0.000000 -0.092216 0.995333 -0.028422 6.806400 -0.178111 0.011595 0.983942 -0.513800 0.000000 0.000000 0.000000 1.000000
0.949310 0.232206 0.211877 0.000000 -0.223445 0.972564 -0.064737 6.806400 -0.221096 0.014113 0.975150 -0.513800 0.000000 0.000000 0.000000 1.000000
0.952778 0.217878 0.211526 0.000000 -0.211144 0.975951 -0.054199 6.806400 -0.218248 0.006977 0.975868 -0.513800 0.000000 0.000000 0.000000 1.000000
0.979978 0.127542 0.152891 0.000000 -0.122668 0.991603 -0.040941 6.806400 -0.156829 0.021366 0.987395 -0.513800 0.000000 0.000000 0.000000 1.000000
0.993120 0.095858 0.067265 -0.000000 -0.092561 0.994424 -0.050538 6.806400 -0.071734 0.043965 0.996454 -0.513800 0.000000 0.000000 0.000000 1.000000
0.993950 0.109540 -0.008003 -0.000000 -0.109728 0.993539 -0.028978 6.806400 0.004777 0.029681 0.999548 -0.513800 0.000000 0.000000 0.000000 1.000000
0.991733 0.101649 -0.078314 0.000000 -0.102787 0.994647 -0.010624 6.806400 0.076815 0.018586 0.996872 -0.513800 0.000000 0.000000 0.000000 1.000000
0.991124 0.028407 -0.129868 0.000000 -0.033820 0.998641 -0.039663 6.806400 0.128565 0.043703 0.990738 -0.513800 0.000000 0.000000 0.000000 1.000000
0.979878 -0.119839 -0.159617 0.000000 0.108178 0.990917 -0.079876 6.806400 0.167739 0.061002 0.983942 -0.513800 0.000000 0.000000 0.000000 1.000000
0.953330 -0.239209 -0.184230 -0.000000 0.224605 0.969636 -0.096741 6.806400 0.201777 0.050847 0.978111 -0.513800 0.000000 0.000000 0.000000 1.000000
0.967266 -0.185818 -0.172822 -0.000000 0.176228 0.981899 -0.069409 6.806400 0.182592 0.036680 0.982504 -0.513800 0.000000 0.000000 0.000000 1.000000
0.985949 -0.103014 -0.131500 0.000000 0.093126 0.992494 -0.079266 6.806400 0.138678 0.065906 0.988142 -0.513800 0.000000 0.000000 0.000000 1.000000
0.994327 -0.060053 -0.087786 -0.000000 0.051978 0.994443 -0.091547 6.806400 0.092796 0.086465 0.991924 -0.513800 0.000000 0.000000 0.000000 1.000000
0.996980 -0.065281 -0.042069 0.000000 0.062514 0.995988 -0.064036 6.806400 0.046081 0.061213 0.997060 -0.513800 0.000000 0.000000 0.000000 1.000000
0.997611 -0.058621 0.036539 0.000000 0.059717 0.997775 -0.029656 6.806400 -0.034719 0.031767 0.998892 -0.513800 0.000000 0.000000 0.000000 1.000000
0.993634 0.003454 0.112600 0.000000 0.000170 0.999483 -0.032157 6.806400 -0.112652 0.031972 0.993120 -0.513800 0.000000 0.000000 0.000000 1.000000</float_array>
        <technique_common>
          <accessor source="#mixamorig_Spine-Matrix-animation-output-transform-array" count="17" stride="16">
            <param type="float4x4"/>
          </accessor>
        </technique_common>
      </source>
      <source id="mixamorig_Spine-Interpolations">
        <Name_array id="mixamorig_Spine-Interpolations-array" count="17">
 LINEAR LINEAR LINEAR LINEAR LINEAR LINEAR LINEAR LINEAR LINEAR LINEAR LINEAR
LINEAR LINEAR LINEAR LINEAR LINEAR LINEAR</Name_array>
        <technique_common>
          <accessor source="#mixamorig_Spine-Interpolations-array" count="17">
            <param type="name"/>
          </accessor>
        </technique_common>
      </source>
      <sampler id="mixamorig_Spine-Matrix-animation-transform">
        <input semantic="INPUT" source="#mixamorig_Spine-Matrix-animation-input"/>
        <input semantic="OUTPUT" source="#mixamorig_Spine-Matrix-animation-output-transform"/>
        <input semantic="INTERPOLATION" source="#mixamorig_Spine-Interpolations"/>
      </sampler>
      <channel source="#mixamorig_Spine-Matrix-animation-transform" target="mixamorig_Spine/matrix"/>
    </animation>
    <animation id="mixamorig_Spine1-anim" name="mixamorig_Spine1">
      <source id="mixamorig_Spine1-Matrix-animation-input">
        <float_array id="mixamorig_Spine1-Matrix-animation-input-array" count="17">

0.000000 0.033333 0.066667 0.100000 0.133333 0.166667 0.200000 0.233333 0.266667 0.300000 0.333333 0.366667 0.400000 0.433333 0.466667 0.500000
0.533333</float_array>
        <technique_common>
          <accessor source="#mixamorig_Spine1-Matrix-animation-input-array" count="17">
            <param name="TIME" type="float"/>
          </accessor>
        </technique_common>
      </source>
      <source id="mixamorig_Spine1-Matrix-animation-output-transform">
        <float_array id="mixamorig_Spine1-Matrix-animation-output-transform-array" count="272">

0.998937 -0.002185 0.046041 0.000000 0.005409 0.997532 -0.070005 7.963400 -0.045775 0.070180 0.996484 0.000000 0.000000 0.000000 0.000000 1.000000
0.997554 0.017331 0.067716 0.000000 -0.012746 0.997633 -0.067573 7.963400 -0.068727 0.066545 0.995414 0.000000 0.000000 0.000000 0.000000 1.000000
0.996406 0.033705 0.077708 -0.000000 -0.027559 0.996506 -0.078841 7.963400 -0.080094 0.076416 0.993854 0.000000 0.000000 0.000000 0.000000 1.000000
0.996513 0.035325 0.075589 -0.000000 -0.029891 0.996967 -0.071854 7.963400 -0.077898 0.069344 0.994547 -0.000000 0.000000 0.000000 0.000000 1.000000
0.998008 0.030828 0.055044 0.000000 -0.027382 0.997682 -0.062301 7.963400 -0.056837 0.060669 0.996538 -0.000000 0.000000 0.000000 0.000000 1.000000
0.999056 0.030053 0.031371 0.000000 -0.027942 0.997449 -0.065685 7.963400 -0.033265 0.064747 0.997347 -0.000000 0.000000 0.000000 0.000000 1.000000
0.999381 0.035099 0.002456 0.000000 -0.034873 0.997373 -0.063497 7.963400 -0.004678 0.063372 0.997979 0.000000 0.000000 0.000000 0.000000 1.000000
0.998930 0.031495 -0.033855 0.000000 -0.033648 0.997316 -0.065022 7.963400 0.031717 0.066092 0.997309 0.000000 0.000000 0.000000 0.000000 1.000000
0.997967 0.010924 -0.062784 0.000000 -0.016017 0.996569 -0.081206 7.963400 0.061681 0.082047 0.994718 -0.000000 0.000000 0.000000 0.000000 1.000000
0.997180 -0.016140 -0.073288 0.000000 0.009294 0.995640 -0.092817 7.963400 0.074466 0.091874 0.992982 0.000000 0.000000 0.000000 0.000000 1.000000
0.996156 -0.033561 -0.080918 0.000000 0.025881 0.995221 -0.094160 7.963400 0.083691 0.091704 0.992263 0.000000 0.000000 0.000000 0.000000 1.000000
0.997064 -0.031954 -0.069590 -0.000000 0.026287 0.996377 -0.080878 7.963400 0.071922 0.078811 0.994292 0.000000 0.000000 0.000000 0.000000 1.000000
0.998739 -0.025049 -0.043518 -0.000000 0.021471 0.996498 -0.080813 7.963400 0.045390 0.079777 0.995779 0.000000 0.000000 0.000000 0.000000 1.000000
0.998960 -0.023231 -0.039226 0.000000 0.019831 0.996190 -0.084927 7.963400 0.041049 0.084060 0.995615 0.000000 0.000000 0.000000 0.000000 1.000000
0.999178 -0.023012 -0.033370 -0.000000 0.020382 0.996812 -0.077135 7.963400 0.035038 0.076392 0.996462 0.000000 0.000000 0.000000 0.000000 1.000000
0.999762 -0.019009 0.010709 0.000000 0.019670 0.997663 -0.065439 7.963400 -0.009440 0.065634 0.997799 -0.000000 0.000000 0.000000 0.000000 1.000000
0.998937 -0.002185 0.046041 0.000000 0.005409 0.997532 -0.070005 7.963400 -0.045775 0.070180 0.996484 0.000000 0.000000 0.000000 0.000000 1.000000</float_array>
        <technique_common>
          <accessor source="#mixamorig_Spine1-Matrix-animation-output-transform-array" count="17" stride="16">
            <param type="float4x4"/>
          </accessor>
        </technique_common>
      </source>
      <source id="mixamorig_Spine1-Interpolations">
        <Name_array id="mixamorig_Spine1-Interpolations-array" count="17">
 LINEAR LINEAR LINEAR LINEAR LINEAR LINEAR LINEAR LINEAR LINEAR LINEAR LINEAR
LINEAR LINEAR LINEAR LINEAR LINEAR LINEAR</Name_array>
        <technique_common>
          <accessor source="#mixamorig_Spine1-Interpolations-array" count="17">
            <param type="name"/>
          </accessor>
        </technique_common>
      </source>
      <sampler id="mixamorig_Spine1-Matrix-animation-transform">
        <input semantic="INPUT" source="#mixamorig_Spine1-Matrix-animation-input"/>
        <input semantic="OUTPUT" source="#mixamorig_Spine1-Matrix-animation-output-transform"/>
        <input semantic="INTERPOLATION" source="#mixamorig_Spine1-Interpolations"/>
      </sampler>
      <channel source="#mixamorig_Spine1-Matrix-animation-transform" target="mixamorig_Spine1/matrix"/>
    </animation>
    <animation id="mixamorig_Spine2-anim" name="mixamorig_Spine2">
      <source id="mixamorig_Spine2-Matrix-animation-input">
        <float_array id="mixamorig_Spine2-Matrix-animation-input-array" count="17">

0.000000 0.033333 0.066667 0.100000 0.133333 0.166667 0.200000 0.233333 0.266667 0.300000 0.333333 0.366667 0.400000 0.433333 0.466667 0.500000
0.533333</float_array>
        <technique_common>
          <accessor source="#mixamorig_Spine2-Matrix-animation-input-array" count="17">
            <param name="TIME" type="float"/>
          </accessor>
        </technique_common>
      </source>
      <source id="mixamorig_Spine2-Matrix-animation-output-transform">
        <float_array id="mixamorig_Spine2-Matrix-animation-output-transform-array" count="272">

0.998942 -0.004403 0.045768 0.000000 0.007604 0.997517 -0.070008 9.101000 -0.045346 0.070282 0.996496 0.000000 0.000000 0.000000 0.000000 1.000000
0.997634 0.013003 0.067509 0.000000 -0.008393 0.997641 -0.068136 9.101000 -0.068236 0.067409 0.995389 -0.000000 0.000000 0.000000 0.000000 1.000000
0.996523 0.027483 0.078650 0.000000 -0.021199 0.996598 -0.079649 9.101000 -0.080571 0.077705 0.993715 -0.000000 0.000000 0.000000 0.000000 1.000000
0.996537 0.030759 0.077251 0.000000 -0.025206 0.997097 -0.071853 9.101000 -0.079236 0.069657 0.994419 0.000000 0.000000 0.000000 0.000000 1.000000
0.998008 0.028816 0.056131 0.000000 -0.025311 0.997744 -0.062179 9.101000 -0.057796 0.060634 0.996485 0.000000 0.000000 0.000000 0.000000 1.000000
0.999053 0.029002 0.032428 0.000000 -0.026825 0.997480 -0.065683 9.101000 -0.034251 0.064751 0.997313 0.000000 0.000000 0.000000 0.000000 1.000000
0.999388 0.034737 0.004028 0.000000 -0.034410 0.997371 -0.063771 9.101000 -0.006233 0.063593 0.997956 0.000000 0.000000 0.000000 0.000000 1.000000
0.998969 0.032419 -0.031770 0.000000 -0.034455 0.997240 -0.065772 9.101000 0.029550 0.066799 0.997329 0.000000 0.000000 0.000000 0.000000 1.000000
0.998035 0.013343 -0.061214 0.000000 -0.018361 0.996450 -0.082155 9.101000 0.059900 0.083117 0.994738 0.000000 0.000000 0.000000 0.000000 1.000000
0.997223 -0.011093 -0.073637 -0.000000 0.004167 0.995606 -0.093549 9.101000 0.074351 0.092982 0.992888 0.000000 0.000000 0.000000 0.000000 1.000000
0.996134 -0.026492 -0.083755 -0.000000 0.018547 0.995375 -0.094257 9.101000 0.085865 0.092339 0.992019 -0.000000 0.000000 0.000000 0.000000 1.000000
0.997042 -0.026650 -0.072094 0.000000 0.020783 0.996502 -0.080948 9.101000 0.073999 0.079210 0.994108 0.000000 0.000000 0.000000 0.000000 1.000000
0.998781 -0.021930 -0.044213 0.000000 0.018268 0.996498 -0.081601 9.101000 0.045847 0.080694 0.995684 0.000000 0.000000 0.000000 0.000000 1.000000
0.999002 -0.021760 -0.039002 0.000000 0.018360 0.996167 -0.085520 9.101000 0.040714 0.084719 0.995573 0.000000 0.000000 0.000000 0.000000 1.000000
0.999186 -0.022929 -0.033188 -0.000000 0.020309 0.996806 -0.077238 9.101000 0.034853 0.076501 0.996460 -0.000000 0.000000 0.000000 0.000000 1.000000
0.999754 -0.019451 0.010628 0.000000 0.020105 0.997660 -0.065344 9.101000 -0.009332 0.065541 0.997806 0.000000 0.000000 0.000000 0.000000 1.000000
0.998942 -0.004403 0.045768 0.000000 0.007604 0.997517 -0.070008 9.101000 -0.045346 0.070282 0.996496 0.000000 0.000000 0.000000 0.000000 1.000000</float_array>
        <technique_common>
          <accessor source="#mixamorig_Spine2-Matrix-animation-output-transform-array" count="17" stride="16">
            <param type="float4x4"/>
          </accessor>
        </technique_common>
      </source>
      <source id="mixamorig_Spine2-Interpolations">
        <Name_array id="mixamorig_Spine2-Interpolations-array" count="17">
 LINEAR LINEAR LINEAR LINEAR LINEAR LINEAR LINEAR LINEAR LINEAR LINEAR LINEAR
LINEAR LINEAR LINEAR LINEAR LINEAR LINEAR</Name_array>
        <technique_common>
          <accessor source="#mixamorig_Spine2-Interpolations-array" count="17">
            <param type="name"/>
          </accessor>
        </technique_common>
      </source>
      <sampler id="mixamorig_Spine2-Matrix-animation-transform">
        <input semantic="INPUT" source="#mixamorig_Spine2-Matrix-animation-input"/>
        <input semantic="OUTPUT" source="#mixamorig_Spine2-Matrix-animation-output-transform"/>
        <input semantic="INTERPOLATION" source="#mixamorig_Spine2-Interpolations"/>
      </sampler>
      <channel source="#mixamorig_Spine2-Matrix-animation-transform" target="mixamorig_Spine2/matrix"/>
    </animation>
    <animation id="mixamorig_Neck-anim" name="mixamorig_Neck">
      <source id="mixamorig_Neck-Matrix-animation-input">
        <float_array id="mixamorig_Neck-Matrix-animation-input-array" count="17">

0.000000 0.033333 0.066667 0.100000 0.133333 0.166667 0.200000 0.233333 0.266667 0.300000 0.333333 0.366667 0.400000 0.433333 0.466667 0.500000
0.533333</float_array>
        <technique_common>
          <accessor source="#mixamorig_Neck-Matrix-animation-input-array" count="17">
            <param name="TIME" type="float"/>
          </accessor>
        </technique_common>
      </source>
      <source id="mixamorig_Neck-Matrix-animation-output-transform">
        <float_array id="mixamorig_Neck-Matrix-animation-output-transform-array" count="272">

0.999967 -0.006296 0.005085 0.000000 0.006121 0.999415 0.033649 10.238700 -0.005294 -0.033617 0.999421 0.000000 0.000000 0.000000 0.000000 1.000000
0.999448 0.029405 -0.015476 0.000000 -0.029510 0.999543 -0.006582 10.238700 0.015275 0.007035 0.999859 -0.000000 0.000000 0.000000 0.000000 1.000000
0.998189 0.041873 -0.043195 0.000000 -0.044357 0.997316 -0.058250 10.238700 0.040640 0.060061 0.997367 -0.000000 0.000000 0.000000 0.000000 1.000000
0.998131 0.020666 -0.057513 0.000000 -0.026412 0.994534 -0.101015 10.238700 0.055111 0.102346 0.993221 0.000000 0.000000 0.000000 0.000000 1.000000
0.998842 0.001116 -0.048092 0.000000 -0.005707 0.995421 -0.095421 10.238700 0.047766 0.095585 0.994275 -0.000000 0.000000 0.000000 0.000000 1.000000
0.999361 -0.007461 -0.034963 0.000000 0.005390 0.998246 -0.058964 10.238700 0.035342 0.058738 0.997648 0.000000 0.000000 0.000000 0.000000 1.000000
0.999585 -0.014986 -0.024594 -0.000000 0.013973 0.999067 -0.040866 10.238700 0.025183 0.040505 0.998862 0.000000 0.000000 0.000000 0.000000 1.000000
0.999738 -0.018074 -0.014060 0.000000 0.017736 0.999559 -0.023837 10.238700 0.014485 0.023581 0.999617 -0.000000 0.000000 0.000000 0.000000 1.000000
0.999803 -0.019020 0.005655 0.000000 0.019036 0.999815 -0.002785 10.238700 -0.005601 0.002892 0.999980 0.000000 0.000000 0.000000 0.000000 1.000000
0.999154 -0.023250 0.033916 0.000000 0.023634 0.999661 -0.010966 10.238700 -0.033650 0.011758 0.999365 0.000000 0.000000 0.000000 0.000000 1.000000
0.998019 -0.011919 0.061781 0.000000 0.014676 0.998908 -0.044365 10.238700 -0.061185 0.045184 0.997103 0.000000 0.000000 0.000000 0.000000 1.000000
0.997969 -0.015786 0.061711 0.000000 0.019114 0.998374 -0.053700 10.238700 -0.060763 0.054770 0.996648 0.000000 0.000000 0.000000 0.000000 1.000000
0.998091 -0.046779 0.040324 0.000000 0.047402 0.998769 -0.014646 10.238700 -0.039589 0.016529 0.999079 0.000000 0.000000 0.000000 0.000000 1.000000
0.998073 -0.053606 0.031248 -0.000000 0.053178 0.998482 0.014379 10.238700 -0.031971 -0.012690 0.999408 0.000000 0.000000 0.000000 0.000000 1.000000
0.998587 -0.043702 0.030224 -0.000000 0.043185 0.998913 0.017559 10.238700 -0.030959 -0.016229 0.999389 -0.000000 0.000000 0.000000 0.000000 1.000000
0.999330 -0.031113 0.019253 0.000000 0.030568 0.999141 0.027969 10.238700 -0.020107 -0.027361 0.999423 0.000000 0.000000 0.000000 0.000000 1.000000
0.999967 -0.006296 0.005085 0.000000 0.006121 0.999415 0.033649 10.238700 -0.005294 -0.033617 0.999421 0.000000 0.000000 0.000000 0.000000 1.000000</float_array>
        <technique_common>
          <accessor source="#mixamorig_Neck-Matrix-animation-output-transform-array" count="17" stride="16">
            <param type="float4x4"/>
          </accessor>
        </technique_common>
      </source>
      <source id="mixamorig_Neck-Interpolations">
        <Name_array id="mixamorig_Neck-Interpolations-array" count="17">
 LINEAR LINEAR LINEAR LINEAR LINEAR LINEAR LINEAR LINEAR LINEAR LINEAR LINEAR
LINEAR LINEAR LINEAR LINEAR LINEAR LINEAR</Name_array>
        <technique_common>
          <accessor source="#mixamorig_Neck-Interpolations-array" count="17">
            <param type="name"/>
          </accessor>
        </technique_common>
      </source>
      <sampler id="mixamorig_Neck-Matrix-animation-transform">
        <input semantic="INPUT" source="#mixamorig_Neck-Matrix-animation-input"/>
        <input semantic="OUTPUT" source="#mixamorig_Neck-Matrix-animation-output-transform"/>
        <input semantic="INTERPOLATION" source="#mixamorig_Neck-Interpolations"/>
      </sampler>
      <channel source="#mixamorig_Neck-Matrix-animation-transform" target="mixamorig_Neck/matrix"/>
    </animation>
    <animation id="mixamorig_Head-anim" name="mixamorig_Head">
      <source id="mixamorig_Head-Matrix-animation-input">
        <float_array id="mixamorig_Head-Matrix-animation-input-array" count="17">

0.000000 0.033333 0.066667 0.100000 0.133333 0.166667 0.200000 0.233333 0.266667 0.300000 0.333333 0.366667 0.400000 0.433333 0.466667 0.500000
0.533333</float_array>
        <technique_common>
          <accessor source="#mixamorig_Head-Matrix-animation-input-array" count="17">
            <param name="TIME" type="float"/>
          </accessor>
        </technique_common>
      </source>
      <source id="mixamorig_Head-Matrix-animation-output-transform">
        <float_array id="mixamorig_Head-Matrix-animation-output-transform-array" count="272">

0.998739 0.014141 0.048162 -0.000000 -0.027519 0.956709 0.289741 6.672400 -0.041980 -0.290701 0.955892 -3.348600 0.000000 0.000000 0.000000 1.000000
0.993160 -0.010824 -0.116257 -0.000000 0.036810 0.973942 0.223788 6.672400 0.110805 -0.226537 0.967679 -3.348600 0.000000 0.000000 0.000000 1.000000
0.955916 -0.069403 -0.285321 -0.000000 0.128621 0.972458 0.194377 6.672400 0.263972 -0.222507 0.938514 -3.348600 0.000000 0.000000 0.000000 1.000000
0.936028 -0.096809 -0.338348 -0.000000 0.173646 0.963284 0.204771 6.672400 0.306101 -0.250425 0.918471 -3.348600 0.000000 0.000000 0.000000 1.000000
0.949693 -0.130367 -0.284760 -0.000000 0.194420 0.958239 0.209710 6.672400 0.245529 -0.254523 0.935379 -3.348600 0.000000 0.000000 0.000000 1.000000
0.963985 -0.160760 -0.211872 0.000000 0.203170 0.959206 0.196585 6.672400 0.171626 -0.232551 0.957321 -3.348600 0.000000 0.000000 0.000000 1.000000
0.973166 -0.172458 -0.152333 0.000000 0.199812 0.961677 0.187756 6.672400 0.114115 -0.213156 0.970331 -3.348600 0.000000 0.000000 0.000000 1.000000
0.978788 -0.176775 -0.103561 0.000000 0.195704 0.956280 0.217322 6.672400 0.060616 -0.232979 0.970591 -3.348600 0.000000 0.000000 0.000000 1.000000
0.985849 -0.167479 -0.007271 0.000000 0.163434 0.950573 0.264009 6.672400 -0.037304 -0.261461 0.964493 -3.348600 0.000000 0.000000 0.000000 1.000000
0.980791 -0.116312 0.156590 0.000000 0.072051 0.962023 0.263287 6.672400 -0.181267 -0.246947 0.951924 -3.348600 0.000000 0.000000 0.000000 1.000000
0.955412 -0.056064 0.289906 0.000000 -0.020605 0.966757 0.254864 6.672400 -0.294557 -0.249474 0.922496 -3.348600 0.000000 0.000000 0.000000 1.000000
0.950722 -0.018685 0.309480 0.000000 -0.064082 0.964786 0.255110 6.672400 -0.303349 -0.262371 0.916046 -3.348600 0.000000 0.000000 0.000000 1.000000
0.962882 0.017972 0.269325 0.000000 -0.089104 0.963011 0.254302 6.672400 -0.254793 -0.268860 0.928867 -3.348600 0.000000 0.000000 0.000000 1.000000
0.971169 0.029106 0.236609 -0.000000 -0.087445 0.966829 0.239988 6.672400 -0.221775 -0.253760 0.941500 -3.348600 0.000000 0.000000 0.000000 1.000000
0.977252 0.023141 0.210816 0.000000 -0.073194 0.969755 0.232846 6.672400 -0.199052 -0.242980 0.949389 -3.348600 0.000000 0.000000 0.000000 1.000000
0.987478 0.026435 0.155526 0.000000 -0.067674 0.961526 0.266250 6.672400 -0.142504 -0.273441 0.951274 -3.348600 0.000000 0.000000 0.000000 1.000000
0.998739 0.014141 0.048162 0.000000 -0.027519 0.956709 0.289741 6.672400 -0.041980 -0.290701 0.955892 -3.348600 0.000000 0.000000 0.000000 1.000000</float_array>
        <technique_common>
          <accessor source="#mixamorig_Head-Matrix-animation-output-transform-array" count="17" stride="16">
            <param type="float4x4"/>
          </accessor>
        </technique_common>
      </source>
      <source id="mixamorig_Head-Interpolations">
        <Name_array id="mixamorig_Head-Interpolations-array" count="17">
 LINEAR LINEAR LINEAR LINEAR LINEAR LINEAR LINEAR LINEAR LINEAR LINEAR LINEAR
LINEAR LINEAR LINEAR LINEAR LINEAR LINEAR</Name_array>
        <technique_common>
          <accessor source="#mixamorig_Head-Interpolations-array" count="17">
            <param type="name"/>
          </accessor>
        </technique_common>
      </source>
      <sampler id="mixamorig_Head-Matrix-animation-transform">
        <input semantic="INPUT" source="#mixamorig_Head-Matrix-animation-input"/>
        <input semantic="OUTPUT" source="#mixamorig_Head-Matrix-animation-output-transform"/>
        <input semantic="INTERPOLATION" source="#mixamorig_Head-Interpolations"/>
      </sampler>
      <channel source="#mixamorig_Head-Matrix-animation-transform" target="mixamorig_Head/matrix"/>
    </animation>
    <animation id="mixamorig_LeftShoulder-anim" name="mixamorig_LeftShoulder">
      <source id="mixamorig_LeftShoulder-Matrix-animation-input">
        <float_array id="mixamorig_LeftShoulder-Matrix-animation-input-array" count="17">

0.000000 0.033333 0.066667 0.100000 0.133333 0.166667 0.200000 0.233333 0.266667 0.300000 0.333333 0.366667 0.400000 0.433333 0.466667 0.500000
0.533333</float_array>
        <technique_common>
          <accessor source="#mixamorig_LeftShoulder-Matrix-animation-input-array" count="17">
            <param name="TIME" type="float"/>
          </accessor>
        </technique_common>
      </source>
      <source id="mixamorig_LeftShoulder-Matrix-animation-output-transform">
        <float_array id="mixamorig_LeftShoulder-Matrix-animation-output-transform-array" count="272">

0.186419 0.885888 -0.424794 4.055700 0.010991 -0.434227 -0.900737 9.377300 -0.982409 0.163245 -0.090685 -0.097500 0.000000 0.000000 0.000000 1.000000
0.218088 0.935055 -0.279480 4.055700 0.023576 -0.291337 -0.956330 9.377300 -0.975644 0.201975 -0.085582 -0.097500 0.000000 0.000000 0.000000 1.000000
0.316736 0.934210 -0.164103 4.055700 0.039948 -0.185996 -0.981738 9.377300 -0.947672 0.304396 -0.096232 -0.097500 0.000000 0.000000 0.000000 1.000000
0.319204 0.930611 -0.179087 4.055700 0.037160 -0.201119 -0.978862 9.377300 -0.946957 0.305801 -0.098779 -0.097500 0.000000 0.000000 0.000000 1.000000
0.244569 0.915908 -0.318276 4.055700 0.018351 -0.332557 -0.942904 9.377300 -0.969458 0.224764 -0.098141 -0.097500 0.000000 0.000000 0.000000 1.000000
0.197464 0.859037 -0.472296 4.055700 0.005886 -0.482813 -0.875704 9.377300 -0.980293 0.170140 -0.100394 -0.097500 0.000000 0.000000 0.000000 1.000000
0.168911 0.807899 -0.564596 4.055700 0.001361 -0.573017 -0.819542 9.377300 -0.985630 0.137661 -0.097889 -0.097500 0.000000 0.000000 0.000000 1.000000
0.197126 0.809586 -0.552912 4.055700 -0.001578 -0.563715 -0.825968 9.377300 -0.980377 0.163692 -0.109845 -0.097500 0.000000 0.000000 0.000000 1.000000
0.285744 0.877042 -0.386197 4.055700 0.007780 -0.405110 -0.914235 9.377300 -0.958274 0.258233 -0.122581 -0.097500 0.000000 0.000000 0.000000 1.000000
0.295400 0.936669 -0.188123 4.055700 0.021920 -0.203504 -0.978829 9.377300 -0.955122 0.285022 -0.080647 -0.097500 0.000000 0.000000 0.000000 1.000000
0.243079 0.950554 -0.193284 4.055700 -0.004856 -0.198066 -0.980177 9.377300 -0.969994 0.239199 -0.043530 -0.097500 0.000000 0.000000 0.000000 1.000000
0.232143 0.952721 -0.196041 4.055700 0.002930 -0.202231 -0.979333 9.377300 -0.972677 0.226771 -0.049738 -0.097500 0.000000 0.000000 0.000000 1.000000
0.246607 0.946351 -0.208816 4.055700 0.023042 -0.221136 -0.974971 9.377300 -0.968842 0.235623 -0.076340 -0.097500 0.000000 0.000000 0.000000 1.000000
0.231300 0.913780 -0.333925 4.055700 0.016032 -0.346766 -0.937815 9.377300 -0.972750 0.211563 -0.094857 -0.097500 0.000000 0.000000 0.000000 1.000000
0.207843 0.863710 -0.459136 4.055700 0.005827 -0.470472 -0.882396 9.377300 -0.978145 0.180724 -0.102816 -0.097500 0.000000 0.000000 0.000000 1.000000
0.191104 0.845997 -0.497763 4.055700 0.006029 -0.508111 -0.861270 9.377300 -0.981551 0.161591 -0.102203 -0.097500 0.000000 0.000000 0.000000 1.000000
0.186419 0.885888 -0.424794 4.055700 0.010991 -0.434226 -0.900737 9.377300 -0.982409 0.163245 -0.090685 -0.097500 0.000000 0.000000 0.000000 1.000000</float_array>
        <technique_common>
          <accessor source="#mixamorig_LeftShoulder-Matrix-animation-output-transform-array" count="17" stride="16">
            <param type="float4x4"/>
          </accessor>
        </technique_common>
      </source>
      <source id="mixamorig_LeftShoulder-Interpolations">
        <Name_array id="mixamorig_LeftShoulder-Interpolations-array" count="17">
 LINEAR LINEAR LINEAR LINEAR LINEAR LINEAR LINEAR LINEAR LINEAR LINEAR LINEAR
LINEAR LINEAR LINEAR LINEAR LINEAR LINEAR</Name_array>
        <technique_common>
          <accessor source="#mixamorig_LeftShoulder-Interpolations-array" count="17">
            <param type="name"/>
          </accessor>
        </technique_common>
      </source>
      <sampler id="mixamorig_LeftShoulder-Matrix-animation-transform">
        <input semantic="INPUT" source="#mixamorig_LeftShoulder-Matrix-animation-input"/>
        <input semantic="OUTPUT" source="#mixamorig_LeftShoulder-Matrix-animation-output-transform"/>
        <input semantic="INTERPOLATION" source="#mixamorig_LeftShoulder-Interpolations"/>
      </sampler>
      <channel source="#mixamorig_LeftShoulder-Matrix-animation-transform" target="mixamorig_LeftShoulder/matrix"/>
    </animation>
    <animation id="mixamorig_LeftArm-anim" name="mixamorig_LeftArm">
      <source id="mixamorig_LeftArm-Matrix-animation-input">
        <float_array id="mixamorig_LeftArm-Matrix-animation-input-array" count="17">

0.000000 0.033333 0.066667 0.100000 0.133333 0.166667 0.200000 0.233333 0.266667 0.300000 0.333333 0.366667 0.400000 0.433333 0.466667 0.500000
0.533333</float_array>
        <technique_common>
          <accessor source="#mixamorig_LeftArm-Matrix-animation-input-array" count="17">
            <param name="TIME" type="float"/>
          </accessor>
        </technique_common>
      </source>
      <source id="mixamorig_LeftArm-Matrix-animation-output-transform">
        <float_array id="mixamorig_LeftArm-Matrix-animation-output-transform-array" count="272">

0.669603 0.451467 0.589754 0.000000 0.185825 0.666957 -0.721552 8.408500 -0.719098 0.592744 0.362702 -0.000000 0.000000 0.000000 0.000000 1.000000
0.458974 0.624177 0.632255 0.000000 0.139941 0.651965 -0.745223 8.408500 -0.877359 0.430517 0.211887 0.000000 0.000000 0.000000 0.000000 1.000000
0.387067 0.679911 0.622817 0.000000 0.007434 0.673145 -0.739473 8.408500 -0.922021 0.290856 0.255498 0.000000 0.000000 0.000000 0.000000 1.000000
0.534073 0.651743 0.538514 -0.000000 -0.107113 0.683994 -0.721581 8.408500 -0.838625 0.327696 0.435113 0.000000 0.000000 0.000000 0.000000 1.000000
0.741793 0.538890 0.399176 0.000000 -0.152829 0.715403 -0.681794 8.408500 -0.652983 0.444744 0.613039 0.000000 0.000000 0.000000 0.000000 1.000000
0.904896 0.312663 0.288798 0.000000 -0.080108 0.791497 -0.605900 8.408500 -0.418026 0.525142 0.741270 -0.000000 0.000000 0.000000 0.000000 1.000000
0.969891 -0.032808 0.241320 0.000000 0.157609 0.839964 -0.519250 8.408500 -0.185664 0.541650 0.819844 -0.000000 0.000000 0.000000 0.000000 1.000000
0.916073 -0.374837 0.142506 0.000000 0.394828 0.780905 -0.484043 8.408500 0.070154 0.499684 0.863362 0.000000 0.000000 0.000000 0.000000 1.000000
0.783350 -0.612061 -0.108375 -0.000000 0.439375 0.668571 -0.599969 8.408500 0.439674 0.422368 0.792649 0.000000 0.000000 0.000000 0.000000 1.000000
0.664778 -0.649435 -0.369193 -0.000000 0.324705 0.696278 -0.640127 8.408500 0.672782 0.305664 0.673746 0.000000 0.000000 0.000000 0.000000 1.000000
0.645871 -0.529504 -0.549978 0.000000 0.309631 0.840159 -0.445265 8.408500 0.697839 0.117293 0.706586 0.000000 0.000000 0.000000 0.000000 1.000000
0.808215 -0.416715 -0.416098 0.000000 0.265229 0.888446 -0.374590 8.408500 0.525777 0.192389 0.828580 0.000000 0.000000 0.000000 0.000000 1.000000
0.919674 -0.386366 -0.070148 -0.000000 0.306160 0.817366 -0.488036 8.408500 0.245897 0.427358 0.870000 0.000000 0.000000 0.000000 0.000000 1.000000
0.935143 -0.314553 0.162983 0.000000 0.347398 0.724033 -0.595895 8.408500 0.069436 0.613867 0.786350 0.000000 0.000000 0.000000 0.000000 1.000000
0.925184 -0.256367 0.279840 -0.000000 0.379379 0.644724 -0.663628 8.408500 -0.010287 0.720144 0.693749 0.000000 0.000000 0.000000 0.000000 1.000000
0.892610 0.078154 0.444003 0.000000 0.287520 0.659889 -0.694175 8.408500 -0.347246 0.747287 0.566553 0.000000 0.000000 0.000000 0.000000 1.000000
0.669603 0.451467 0.589754 -0.000000 0.185825 0.666957 -0.721552 8.408500 -0.719098 0.592744 0.362702 0.000000 0.000000 0.000000 0.000000 1.000000</float_array>
        <technique_common>
          <accessor source="#mixamorig_LeftArm-Matrix-animation-output-transform-array" count="17" stride="16">
            <param type="float4x4"/>
          </accessor>
        </technique_common>
      </source>
      <source id="mixamorig_LeftArm-Interpolations">
        <Name_array id="mixamorig_LeftArm-Interpolations-array" count="17">
 LINEAR LINEAR LINEAR LINEAR LINEAR LINEAR LINEAR LINEAR LINEAR LINEAR LINEAR
LINEAR LINEAR LINEAR LINEAR LINEAR LINEAR</Name_array>
        <technique_common>
          <accessor source="#mixamorig_LeftArm-Interpolations-array" count="17">
            <param type="name"/>
          </accessor>
        </technique_common>
      </source>
      <sampler id="mixamorig_LeftArm-Matrix-animation-transform">
        <input semantic="INPUT" source="#mixamorig_LeftArm-Matrix-animation-input"/>
        <input semantic="OUTPUT" source="#mixamorig_LeftArm-Matrix-animation-output-transform"/>
        <input semantic="INTERPOLATION" source="#mixamorig_LeftArm-Interpolations"/>
      </sampler>
      <channel source="#mixamorig_LeftArm-Matrix-animation-transform" target="mixamorig_LeftArm/matrix"/>
    </animation>
    <animation id="mixamorig_LeftForeArm-anim" name="mixamorig_LeftForeArm">
      <source id="mixamorig_LeftForeArm-Matrix-animation-input">
        <float_array id="mixamorig_LeftForeArm-Matrix-animation-input-array" count="17">

0.000000 0.033333 0.066667 0.100000 0.133333 0.166667 0.200000 0.233333 0.266667 0.300000 0.333333 0.366667 0.400000 0.433333 0.466667 0.500000
0.533333</float_array>
        <technique_common>
          <accessor source="#mixamorig_LeftForeArm-Matrix-animation-input-array" count="17">
            <param name="TIME" type="float"/>
          </accessor>
        </technique_common>
      </source>
      <source id="mixamorig_LeftForeArm-Matrix-animation-output-transform">
        <float_array id="mixamorig_LeftForeArm-Matrix-animation-output-transform-array" count="272">

0.796197 -0.604839 0.015513 0.000000 0.604841 0.795022 -0.045919 19.069099 0.015441 0.045943 0.998825 0.000000 0.000000 0.000000 0.000000 1.000000
0.572494 -0.819265 0.032496 0.000000 0.819267 0.570028 -0.062198 19.069099 0.032433 0.062231 0.997535 0.000000 0.000000 0.000000 0.000000 1.000000
0.372858 -0.926664 0.047652 0.000000 0.926667 0.369242 -0.070352 19.069099 0.047597 0.070389 0.996383 0.000000 0.000000 0.000000 0.000000 1.000000
0.408280 -0.911749 0.044963 0.000000 0.911752 0.404868 -0.069220 19.069099 0.044907 0.069256 0.996588 0.000000 0.000000 0.000000 0.000000 1.000000
0.562207 -0.826327 0.033277 0.000000 0.826329 0.559683 -0.062735 19.069099 0.033215 0.062767 0.997475 0.000000 0.000000 0.000000 0.000000 1.000000
0.661070 -0.749881 0.025771 0.000000 0.749884 0.659116 -0.056931 19.069099 0.025705 0.056961 0.998045 0.000000 0.000000 0.000000 0.000000 1.000000
0.711179 -0.702667 0.021967 -0.000000 0.702669 0.709514 -0.053346 19.069099 0.021899 0.053374 0.998334 0.000000 0.000000 0.000000 0.000000 1.000000
0.604226 -0.796245 0.030087 0.000000 0.796247 0.601944 -0.060451 19.069099 0.030023 0.060482 0.997718 0.000000 0.000000 0.000000 0.000000 1.000000
0.383253 -0.922454 0.046863 0.000000 0.922457 0.379696 -0.070033 19.069099 0.046808 0.070069 0.996443 0.000000 0.000000 0.000000 0.000000 1.000000
0.036292 -0.996656 0.073204 0.000000 0.996659 0.030735 -0.075666 19.069099 0.073163 0.075706 0.994442 0.000000 0.000000 0.000000 0.000000 1.000000
-0.278604 -0.955484 0.097111 0.000000 0.955487 -0.285977 -0.072540 19.069099 0.097083 0.072578 0.992626 0.000000 0.000000 0.000000 0.000000 1.000000
-0.376585 -0.920463 0.104550 0.000000 0.920466 -0.384524 -0.069881 19.069099 0.104525 0.069918 0.992061 0.000000 0.000000 0.000000 0.000000 1.000000
-0.062478 -0.994778 0.080703 -0.000000 0.994781 -0.068605 -0.075523 19.069099 0.080666 0.075563 0.993873 0.000000 0.000000 0.000000 0.000000 1.000000
0.565978 -0.823760 0.032991 0.000000 0.823762 0.563475 -0.062540 19.069099 0.032928 0.062573 0.997497 0.000000 0.000000 0.000000 0.000000 1.000000
0.989141 -0.146966 0.000864 0.000000 0.146966 0.989079 -0.011157 19.069099 0.000785 0.011163 0.999937 0.000000 0.000000 0.000000 0.000000 1.000000
0.990763 -0.135602 0.000741 -0.000000 0.135602 0.990710 -0.010295 19.069099 0.000662 0.010300 0.999947 0.000000 0.000000 0.000000 0.000000 1.000000
0.796197 -0.604839 0.015513 -0.000000 0.604841 0.795022 -0.045919 19.069099 0.015441 0.045944 0.998825 -0.000000 0.000000 0.000000 0.000000 1.000000</float_array>
        <technique_common>
          <accessor source="#mixamorig_LeftForeArm-Matrix-animation-output-transform-array" count="17" stride="16">
            <param type="float4x4"/>
          </accessor>
        </technique_common>
      </source>
